#Coverage	Number of genomic locations
0.0	781547.0
1.0	246044.0
2.0	169604.0
3.0	145545.0
4.0	143191.0
5.0	144144.0
6.0	147006.0
7.0	149523.0
8.0	152548.0
9.0	158298.0
10.0	163402.0
11.0	170545.0
12.0	175813.0
13.0	182180.0
14.0	187382.0
15.0	192478.0
16.0	197431.0
17.0	203209.0
18.0	208764.0
19.0	210471.0
20.0	214188.0
21.0	219295.0
22.0	225472.0
23.0	229214.0
24.0	232234.0
25.0	238174.0
26.0	239895.0
27.0	241647.0
28.0	243121.0
29.0	245247.0
30.0	247857.0
31.0	249919.0
32.0	253397.0
33.0	253719.0
34.0	253552.0
35.0	254488.0
36.0	255293.0
37.0	254343.0
38.0	255477.0
39.0	254384.0
40.0	256235.0
41.0	254877.0
42.0	253523.0
43.0	253302.0
44.0	252004.0
45.0	251039.0
46.0	250638.0
47.0	250944.0
48.0	250929.0
49.0	248197.0
50.0	246858.0
51.0	244751.0
52.0	243971.0
53.0	242336.0
54.0	240873.0
55.0	239463.0
56.0	238621.0
57.0	236581.0
58.0	234557.0
59.0	233465.0
60.0	232966.0
61.0	231220.0
62.0	229360.0
63.0	228261.0
64.0	224927.0
65.0	222978.0
66.0	221226.0
67.0	218591.0
68.0	216150.0
69.0	214287.0
70.0	212190.0
71.0	209859.0
72.0	208486.0
73.0	206969.0
74.0	205123.0
75.0	204365.0
76.0	201807.0
77.0	199462.0
78.0	197430.0
79.0	195407.0
80.0	192829.0
81.0	190233.0
82.0	188139.0
83.0	185877.0
84.0	183774.0
85.0	182392.0
86.0	179735.0
87.0	178067.0
88.0	175195.0
89.0	172279.0
90.0	171138.0
91.0	169515.0
92.0	167533.0
93.0	164792.0
94.0	162243.0
95.0	160942.0
96.0	159037.0
97.0	156703.0
98.0	153615.0
99.0	152596.0
100.0	150573.0
101.0	149149.0
102.0	146476.0
103.0	145269.0
104.0	144083.0
105.0	141646.0
106.0	139992.0
107.0	138228.0
108.0	136848.0
109.0	135137.0
110.0	133321.0
111.0	131184.0
112.0	130292.0
113.0	129133.0
114.0	127456.0
115.0	126174.0
116.0	124045.0
117.0	123037.0
118.0	121164.0
119.0	119075.0
120.0	117445.0
121.0	115735.0
122.0	114236.0
123.0	113501.0
124.0	110781.0
125.0	110650.0
126.0	108233.0
127.0	106901.0
128.0	106245.0
129.0	104514.0
130.0	103063.0
131.0	101328.0
132.0	100363.0
133.0	99391.0
134.0	97936.0
135.0	96618.0
136.0	95177.0
137.0	94006.0
138.0	93530.0
139.0	91880.0
140.0	90858.0
141.0	89742.0
142.0	88364.0
143.0	87342.0
144.0	85640.0
145.0	84656.0
146.0	83990.0
147.0	82269.0
148.0	81345.0
149.0	80484.0
150.0	79006.0
151.0	78001.0
152.0	77125.0
153.0	75727.0
154.0	74623.0
155.0	74242.0
156.0	73450.0
157.0	71900.0
158.0	71582.0
159.0	70017.0
160.0	69356.0
161.0	68097.0
162.0	66615.0
163.0	65431.0
164.0	64652.0
165.0	64410.0
166.0	63552.0
167.0	62405.0
168.0	61667.0
169.0	60790.0
170.0	59575.0
171.0	58985.0
172.0	58496.0
173.0	57494.0
174.0	56678.0
175.0	56025.0
176.0	55511.0
177.0	54509.0
178.0	53717.0
179.0	53036.0
180.0	52310.0
181.0	51953.0
182.0	51226.0
183.0	50186.0
184.0	49456.0
185.0	48800.0
186.0	48467.0
187.0	47659.0
188.0	47220.0
189.0	46148.0
190.0	45438.0
191.0	45123.0
192.0	44329.0
193.0	43788.0
194.0	43285.0
195.0	42587.0
196.0	42074.0
197.0	41103.0
198.0	40701.0
199.0	40121.0
200.0	39799.0
201.0	39251.0
202.0	38251.0
203.0	37956.0
204.0	37654.0
205.0	36821.0
206.0	36131.0
207.0	35898.0
208.0	35206.0
209.0	34929.0
210.0	34384.0
211.0	33685.0
212.0	33169.0
213.0	32778.0
214.0	32316.0
215.0	31962.0
216.0	31534.0
217.0	30992.0
218.0	30799.0
219.0	30520.0
220.0	29643.0
221.0	29456.0
222.0	29013.0
223.0	28351.0
224.0	27875.0
225.0	27553.0
226.0	27008.0
227.0	26765.0
228.0	26290.0
229.0	26107.0
230.0	25734.0
231.0	25305.0
232.0	25398.0
233.0	24597.0
234.0	24198.0
235.0	23895.0
236.0	23588.0
237.0	23357.0
238.0	23127.0
239.0	22683.0
240.0	22075.0
241.0	21886.0
242.0	21404.0
243.0	21069.0
244.0	20762.0
245.0	20443.0
246.0	20055.0
247.0	19671.0
248.0	19543.0
249.0	19181.0
250.0	18700.0
251.0	18310.0
252.0	18105.0
253.0	17870.0
254.0	17685.0
255.0	17296.0
256.0	16802.0
257.0	16788.0
258.0	16381.0
259.0	16121.0
260.0	15884.0
261.0	15484.0
262.0	15292.0
263.0	15343.0
264.0	14971.0
265.0	14670.0
266.0	14315.0
267.0	14161.0
268.0	14050.0
269.0	13915.0
270.0	13491.0
271.0	13237.0
272.0	13102.0
273.0	12709.0
274.0	12815.0
275.0	12345.0
276.0	12076.0
277.0	12078.0
278.0	11887.0
279.0	11614.0
280.0	11666.0
281.0	11190.0
282.0	11025.0
283.0	10869.0
284.0	10796.0
285.0	10454.0
286.0	10119.0
287.0	10069.0
288.0	9903.0
289.0	9599.0
290.0	9634.0
291.0	9269.0
292.0	9219.0
293.0	9110.0
294.0	9024.0
295.0	8999.0
296.0	8798.0
297.0	8553.0
298.0	8544.0
299.0	8484.0
300.0	8290.0
301.0	8036.0
302.0	7980.0
303.0	8103.0
304.0	7707.0
305.0	7592.0
306.0	7481.0
307.0	7219.0
308.0	7280.0
309.0	7168.0
310.0	6959.0
311.0	6953.0
312.0	6974.0
313.0	6856.0
314.0	6718.0
315.0	6469.0
316.0	6315.0
317.0	6272.0
318.0	6143.0
319.0	6133.0
320.0	5898.0
321.0	5813.0
322.0	5870.0
323.0	5577.0
324.0	5663.0
325.0	5409.0
326.0	5482.0
327.0	5287.0
328.0	5156.0
329.0	5227.0
330.0	4890.0
331.0	4951.0
332.0	5019.0
333.0	4881.0
334.0	4663.0
335.0	4437.0
336.0	4576.0
337.0	4323.0
338.0	4391.0
339.0	4384.0
340.0	4204.0
341.0	4149.0
342.0	4033.0
343.0	4176.0
344.0	4020.0
345.0	4022.0
346.0	3902.0
347.0	3841.0
348.0	3770.0
349.0	3760.0
350.0	3630.0
351.0	3637.0
352.0	3605.0
353.0	3458.0
354.0	3489.0
355.0	3384.0
356.0	3207.0
357.0	3235.0
358.0	3182.0
359.0	3051.0
360.0	3093.0
361.0	3046.0
362.0	2937.0
363.0	3004.0
364.0	2793.0
365.0	2809.0
366.0	2738.0
367.0	2707.0
368.0	2551.0
369.0	2578.0
370.0	2614.0
371.0	2648.0
372.0	2453.0
373.0	2544.0
374.0	2432.0
375.0	2376.0
376.0	2322.0
377.0	2202.0
378.0	2284.0
379.0	2208.0
380.0	2181.0
381.0	2065.0
382.0	2122.0
383.0	2031.0
384.0	2039.0
385.0	1942.0
386.0	1963.0
387.0	1936.0
388.0	1935.0
389.0	1889.0
390.0	1954.0
391.0	1868.0
392.0	1770.0
393.0	1713.0
394.0	1737.0
395.0	1713.0
396.0	1609.0
397.0	1574.0
398.0	1598.0
399.0	1510.0
400.0	1545.0
401.0	1592.0
402.0	1518.0
403.0	1551.0
404.0	1534.0
405.0	1469.0
406.0	1400.0
407.0	1401.0
408.0	1428.0
409.0	1392.0
410.0	1352.0
411.0	1341.0
412.0	1283.0
413.0	1336.0
414.0	1342.0
415.0	1298.0
416.0	1265.0
417.0	1249.0
418.0	1279.0
419.0	1188.0
420.0	1149.0
421.0	1154.0
422.0	1193.0
423.0	1159.0
424.0	1115.0
425.0	1054.0
426.0	1064.0
427.0	1086.0
428.0	1081.0
429.0	944.0
430.0	1011.0
431.0	965.0
432.0	962.0
433.0	1025.0
434.0	989.0
435.0	896.0
436.0	881.0
437.0	939.0
438.0	909.0
439.0	915.0
440.0	838.0
441.0	897.0
442.0	807.0
443.0	880.0
444.0	904.0
445.0	892.0
446.0	779.0
447.0	837.0
448.0	799.0
449.0	830.0
450.0	773.0
451.0	776.0
452.0	786.0
453.0	726.0
454.0	775.0
455.0	733.0
456.0	739.0
457.0	708.0
458.0	681.0
459.0	672.0
460.0	609.0
461.0	647.0
462.0	625.0
463.0	627.0
464.0	610.0
465.0	626.0
466.0	585.0
467.0	642.0
468.0	609.0
469.0	601.0
470.0	575.0
471.0	571.0
472.0	611.0
473.0	585.0
474.0	595.0
475.0	569.0
476.0	558.0
477.0	559.0
478.0	559.0
479.0	519.0
480.0	543.0
481.0	531.0
482.0	462.0
483.0	519.0
484.0	530.0
485.0	508.0
486.0	475.0
487.0	482.0
488.0	479.0
489.0	453.0
490.0	458.0
491.0	467.0
492.0	425.0
493.0	422.0
494.0	480.0
495.0	425.0
496.0	415.0
497.0	414.0
498.0	393.0
499.0	420.0
500.0	451.0
501.0	393.0
502.0	395.0
503.0	408.0
504.0	371.0
505.0	342.0
506.0	387.0
507.0	434.0
508.0	378.0
509.0	377.0
510.0	381.0
511.0	330.0
512.0	374.0
513.0	381.0
514.0	357.0
515.0	352.0
516.0	326.0
517.0	347.0
518.0	332.0
519.0	317.0
520.0	325.0
521.0	339.0
522.0	342.0
523.0	305.0
524.0	347.0
525.0	328.0
526.0	317.0
527.0	307.0
528.0	300.0
529.0	313.0
530.0	290.0
531.0	326.0
532.0	298.0
533.0	299.0
534.0	324.0
535.0	301.0
536.0	326.0
537.0	337.0
538.0	289.0
539.0	298.0
540.0	325.0
541.0	287.0
542.0	285.0
543.0	264.0
544.0	276.0
545.0	270.0
546.0	259.0
547.0	243.0
548.0	265.0
549.0	275.0
550.0	232.0
551.0	256.0
552.0	228.0
553.0	213.0
554.0	225.0
555.0	236.0
556.0	244.0
557.0	228.0
558.0	241.0
559.0	253.0
560.0	197.0
561.0	227.0
562.0	208.0
563.0	211.0
564.0	212.0
565.0	228.0
566.0	250.0
567.0	222.0
568.0	217.0
569.0	190.0
570.0	193.0
571.0	226.0
572.0	231.0
573.0	218.0
574.0	216.0
575.0	207.0
576.0	186.0
577.0	213.0
578.0	207.0
579.0	178.0
580.0	206.0
581.0	228.0
582.0	171.0
583.0	160.0
584.0	201.0
585.0	202.0
586.0	204.0
587.0	190.0
588.0	163.0
589.0	180.0
590.0	189.0
591.0	197.0
592.0	199.0
593.0	174.0
594.0	145.0
595.0	165.0
596.0	166.0
597.0	176.0
598.0	179.0
599.0	191.0
600.0	152.0
601.0	161.0
602.0	142.0
603.0	153.0
604.0	169.0
605.0	162.0
606.0	166.0
607.0	177.0
608.0	164.0
609.0	158.0
610.0	133.0
611.0	140.0
612.0	172.0
613.0	158.0
614.0	141.0
615.0	134.0
616.0	165.0
617.0	161.0
618.0	149.0
619.0	143.0
620.0	145.0
621.0	154.0
622.0	159.0
623.0	142.0
624.0	158.0
625.0	146.0
626.0	148.0
627.0	143.0
628.0	151.0
629.0	131.0
630.0	141.0
631.0	152.0
632.0	151.0
633.0	144.0
634.0	148.0
635.0	137.0
636.0	113.0
637.0	136.0
638.0	136.0
639.0	139.0
640.0	134.0
641.0	126.0
642.0	150.0
643.0	141.0
644.0	119.0
645.0	151.0
646.0	127.0
647.0	124.0
648.0	130.0
649.0	134.0
650.0	127.0
651.0	102.0
652.0	132.0
653.0	113.0
654.0	144.0
655.0	126.0
656.0	111.0
657.0	115.0
658.0	125.0
659.0	126.0
660.0	133.0
661.0	141.0
662.0	119.0
663.0	122.0
664.0	142.0
665.0	124.0
666.0	149.0
667.0	132.0
668.0	111.0
669.0	106.0
670.0	111.0
671.0	132.0
672.0	129.0
673.0	124.0
674.0	122.0
675.0	107.0
676.0	109.0
677.0	129.0
678.0	128.0
679.0	101.0
680.0	126.0
681.0	125.0
682.0	110.0
683.0	132.0
684.0	116.0
685.0	114.0
686.0	120.0
687.0	118.0
688.0	123.0
689.0	124.0
690.0	109.0
691.0	114.0
692.0	92.0
693.0	115.0
694.0	106.0
695.0	109.0
696.0	110.0
697.0	106.0
698.0	106.0
699.0	99.0
700.0	97.0
701.0	101.0
702.0	96.0
703.0	84.0
704.0	102.0
705.0	101.0
706.0	99.0
707.0	114.0
708.0	111.0
709.0	100.0
710.0	97.0
711.0	99.0
712.0	87.0
713.0	118.0
714.0	91.0
715.0	86.0
716.0	109.0
717.0	92.0
718.0	94.0
719.0	96.0
720.0	86.0
721.0	115.0
722.0	86.0
723.0	100.0
724.0	91.0
725.0	68.0
726.0	87.0
727.0	97.0
728.0	100.0
729.0	80.0
730.0	87.0
731.0	73.0
732.0	83.0
733.0	73.0
734.0	73.0
735.0	82.0
736.0	83.0
737.0	79.0
738.0	85.0
739.0	76.0
740.0	81.0
741.0	74.0
742.0	75.0
743.0	62.0
744.0	78.0
745.0	83.0
746.0	59.0
747.0	85.0
748.0	74.0
749.0	93.0
750.0	61.0
751.0	87.0
752.0	84.0
753.0	74.0
754.0	77.0
755.0	74.0
756.0	71.0
757.0	88.0
758.0	75.0
759.0	73.0
760.0	68.0
761.0	64.0
762.0	62.0
763.0	75.0
764.0	68.0
765.0	65.0
766.0	65.0
767.0	58.0
768.0	69.0
769.0	60.0
770.0	65.0
771.0	71.0
772.0	75.0
773.0	69.0
774.0	59.0
775.0	78.0
776.0	78.0
777.0	76.0
778.0	73.0
779.0	52.0
780.0	77.0
781.0	76.0
782.0	70.0
783.0	96.0
784.0	74.0
785.0	85.0
786.0	85.0
787.0	87.0
788.0	85.0
789.0	66.0
790.0	77.0
791.0	58.0
792.0	70.0
793.0	77.0
794.0	85.0
795.0	64.0
796.0	77.0
797.0	80.0
798.0	71.0
799.0	67.0
800.0	74.0
801.0	81.0
802.0	71.0
803.0	67.0
804.0	79.0
805.0	82.0
806.0	67.0
807.0	78.0
808.0	74.0
809.0	66.0
810.0	84.0
811.0	73.0
812.0	73.0
813.0	78.0
814.0	69.0
815.0	67.0
816.0	64.0
817.0	67.0
818.0	81.0
819.0	82.0
820.0	76.0
821.0	72.0
822.0	64.0
823.0	54.0
824.0	62.0
825.0	70.0
826.0	70.0
827.0	69.0
828.0	69.0
829.0	79.0
830.0	76.0
831.0	57.0
832.0	64.0
833.0	76.0
834.0	52.0
835.0	66.0
836.0	56.0
837.0	55.0
838.0	74.0
839.0	60.0
840.0	64.0
841.0	58.0
842.0	64.0
843.0	64.0
844.0	71.0
845.0	61.0
846.0	71.0
847.0	58.0
848.0	62.0
849.0	57.0
850.0	48.0
851.0	52.0
852.0	58.0
853.0	58.0
854.0	74.0
855.0	60.0
856.0	58.0
857.0	60.0
858.0	65.0
859.0	52.0
860.0	65.0
861.0	54.0
862.0	54.0
863.0	37.0
864.0	57.0
865.0	39.0
866.0	49.0
867.0	55.0
868.0	59.0
869.0	55.0
870.0	67.0
871.0	45.0
872.0	59.0
873.0	43.0
874.0	39.0
875.0	53.0
876.0	61.0
877.0	57.0
878.0	42.0
879.0	46.0
880.0	50.0
881.0	43.0
882.0	48.0
883.0	62.0
884.0	66.0
885.0	42.0
886.0	60.0
887.0	49.0
888.0	57.0
889.0	47.0
890.0	52.0
891.0	46.0
892.0	43.0
893.0	45.0
894.0	40.0
895.0	58.0
896.0	48.0
897.0	51.0
898.0	47.0
899.0	49.0
900.0	57.0
901.0	48.0
902.0	49.0
903.0	40.0
904.0	42.0
905.0	51.0
906.0	38.0
907.0	34.0
908.0	35.0
909.0	55.0
910.0	58.0
911.0	43.0
912.0	49.0
913.0	41.0
914.0	49.0
915.0	56.0
916.0	51.0
917.0	43.0
918.0	49.0
919.0	61.0
920.0	36.0
921.0	46.0
922.0	56.0
923.0	53.0
924.0	47.0
925.0	36.0
926.0	44.0
927.0	49.0
928.0	36.0
929.0	37.0
930.0	32.0
931.0	45.0
932.0	47.0
933.0	52.0
934.0	42.0
935.0	47.0
936.0	32.0
937.0	47.0
938.0	44.0
939.0	46.0
940.0	43.0
941.0	50.0
942.0	27.0
943.0	52.0
944.0	43.0
945.0	43.0
946.0	44.0
947.0	38.0
948.0	38.0
949.0	48.0
950.0	38.0
951.0	41.0
952.0	57.0
953.0	48.0
954.0	40.0
955.0	50.0
956.0	35.0
957.0	31.0
958.0	34.0
959.0	37.0
960.0	41.0
961.0	40.0
962.0	47.0
963.0	54.0
964.0	36.0
965.0	46.0
966.0	44.0
967.0	39.0
968.0	35.0
969.0	39.0
970.0	44.0
971.0	38.0
972.0	37.0
973.0	34.0
974.0	51.0
975.0	33.0
976.0	41.0
977.0	47.0
978.0	44.0
979.0	39.0
980.0	44.0
981.0	43.0
982.0	43.0
983.0	41.0
984.0	40.0
985.0	45.0
986.0	43.0
987.0	42.0
988.0	38.0
989.0	41.0
990.0	40.0
991.0	37.0
992.0	34.0
993.0	37.0
994.0	32.0
995.0	31.0
996.0	47.0
997.0	46.0
998.0	45.0
999.0	40.0
1000.0	40.0
1001.0	39.0
1002.0	35.0
1003.0	37.0
1004.0	45.0
1005.0	27.0
1006.0	48.0
1007.0	38.0
1008.0	27.0
1009.0	38.0
1010.0	43.0
1011.0	34.0
1012.0	37.0
1013.0	43.0
1014.0	42.0
1015.0	38.0
1016.0	38.0
1017.0	39.0
1018.0	35.0
1019.0	32.0
1020.0	52.0
1021.0	40.0
1022.0	19.0
1023.0	40.0
1024.0	29.0
1025.0	38.0
1026.0	42.0
1027.0	42.0
1028.0	33.0
1029.0	38.0
1030.0	25.0
1031.0	29.0
1032.0	34.0
1033.0	31.0
1034.0	45.0
1035.0	35.0
1036.0	37.0
1037.0	38.0
1038.0	26.0
1039.0	25.0
1040.0	31.0
1041.0	26.0
1042.0	31.0
1043.0	26.0
1044.0	23.0
1045.0	29.0
1046.0	39.0
1047.0	32.0
1048.0	34.0
1049.0	22.0
1050.0	26.0
1051.0	27.0
1052.0	29.0
1053.0	28.0
1054.0	27.0
1055.0	28.0
1056.0	35.0
1057.0	33.0
1058.0	27.0
1059.0	23.0
1060.0	31.0
1061.0	26.0
1062.0	28.0
1063.0	25.0
1064.0	28.0
1065.0	24.0
1066.0	28.0
1067.0	14.0
1068.0	29.0
1069.0	17.0
1070.0	25.0
1071.0	26.0
1072.0	27.0
1073.0	25.0
1074.0	29.0
1075.0	24.0
1076.0	18.0
1077.0	23.0
1078.0	23.0
1079.0	31.0
1080.0	24.0
1081.0	16.0
1082.0	26.0
1083.0	18.0
1084.0	15.0
1085.0	25.0
1086.0	26.0
1087.0	17.0
1088.0	19.0
1089.0	23.0
1090.0	23.0
1091.0	17.0
1092.0	23.0
1093.0	21.0
1094.0	18.0
1095.0	20.0
1096.0	14.0
1097.0	21.0
1098.0	24.0
1099.0	14.0
1100.0	25.0
1101.0	22.0
1102.0	25.0
1103.0	14.0
1104.0	14.0
1105.0	21.0
1106.0	22.0
1107.0	21.0
1108.0	24.0
1109.0	18.0
1110.0	25.0
1111.0	22.0
1112.0	19.0
1113.0	21.0
1114.0	18.0
1115.0	28.0
1116.0	18.0
1117.0	17.0
1118.0	20.0
1119.0	25.0
1120.0	14.0
1121.0	22.0
1122.0	25.0
1123.0	22.0
1124.0	21.0
1125.0	15.0
1126.0	31.0
1127.0	29.0
1128.0	24.0
1129.0	19.0
1130.0	18.0
1131.0	24.0
1132.0	23.0
1133.0	20.0
1134.0	24.0
1135.0	19.0
1136.0	23.0
1137.0	18.0
1138.0	22.0
1139.0	21.0
1140.0	18.0
1141.0	15.0
1142.0	17.0
1143.0	13.0
1144.0	14.0
1145.0	15.0
1146.0	19.0
1147.0	24.0
1148.0	13.0
1149.0	18.0
1150.0	18.0
1151.0	17.0
1152.0	26.0
1153.0	14.0
1154.0	17.0
1155.0	11.0
1156.0	14.0
1157.0	10.0
1158.0	13.0
1159.0	10.0
1160.0	20.0
1161.0	18.0
1162.0	16.0
1163.0	21.0
1164.0	17.0
1165.0	11.0
1166.0	14.0
1167.0	17.0
1168.0	19.0
1169.0	10.0
1170.0	8.0
1171.0	13.0
1172.0	22.0
1173.0	16.0
1174.0	21.0
1175.0	21.0
1176.0	16.0
1177.0	16.0
1178.0	20.0
1179.0	12.0
1180.0	18.0
1181.0	16.0
1182.0	9.0
1183.0	25.0
1184.0	12.0
1185.0	15.0
1186.0	13.0
1187.0	16.0
1188.0	10.0
1189.0	18.0
1190.0	18.0
1191.0	15.0
1192.0	16.0
1193.0	12.0
1194.0	15.0
1195.0	14.0
1196.0	13.0
1197.0	10.0
1198.0	11.0
1199.0	14.0
1200.0	19.0
1201.0	10.0
1202.0	10.0
1203.0	15.0
1204.0	11.0
1205.0	13.0
1206.0	12.0
1207.0	11.0
1208.0	16.0
1209.0	12.0
1210.0	13.0
1211.0	13.0
1212.0	15.0
1213.0	9.0
1214.0	17.0
1215.0	17.0
1216.0	10.0
1217.0	19.0
1218.0	19.0
1219.0	11.0
1220.0	16.0
1221.0	14.0
1222.0	15.0
1223.0	15.0
1224.0	17.0
1225.0	23.0
1226.0	12.0
1227.0	14.0
1228.0	17.0
1229.0	11.0
1230.0	12.0
1231.0	16.0
1232.0	22.0
1233.0	15.0
1234.0	20.0
1235.0	12.0
1236.0	12.0
1237.0	16.0
1238.0	15.0
1239.0	8.0
1240.0	26.0
1241.0	14.0
1242.0	20.0
1243.0	14.0
1244.0	10.0
1245.0	10.0
1246.0	12.0
1247.0	12.0
1248.0	14.0
1249.0	13.0
1250.0	12.0
1251.0	18.0
1252.0	15.0
1253.0	15.0
1254.0	16.0
1255.0	14.0
1256.0	10.0
1257.0	13.0
1258.0	9.0
1259.0	9.0
1260.0	12.0
1261.0	14.0
1262.0	18.0
1263.0	6.0
1264.0	13.0
1265.0	12.0
1266.0	11.0
1267.0	17.0
1268.0	5.0
1269.0	7.0
1270.0	16.0
1271.0	8.0
1272.0	10.0
1273.0	18.0
1274.0	5.0
1275.0	10.0
1276.0	12.0
1277.0	4.0
1278.0	11.0
1279.0	11.0
1280.0	12.0
1281.0	7.0
1282.0	6.0
1283.0	8.0
1284.0	8.0
1285.0	8.0
1286.0	9.0
1287.0	11.0
1288.0	10.0
1289.0	11.0
1290.0	6.0
1291.0	9.0
1292.0	12.0
1293.0	7.0
1294.0	12.0
1295.0	11.0
1296.0	7.0
1297.0	18.0
1298.0	9.0
1299.0	8.0
1300.0	6.0
1301.0	9.0
1302.0	17.0
1303.0	9.0
1304.0	15.0
1305.0	12.0
1306.0	11.0
1307.0	9.0
1308.0	11.0
1309.0	6.0
1310.0	6.0
1311.0	10.0
1312.0	13.0
1313.0	10.0
1314.0	8.0
1315.0	5.0
1316.0	9.0
1317.0	7.0
1318.0	9.0
1319.0	13.0
1320.0	10.0
1321.0	9.0
1322.0	11.0
1323.0	6.0
1324.0	20.0
1325.0	8.0
1326.0	5.0
1327.0	12.0
1328.0	9.0
1329.0	8.0
1330.0	12.0
1331.0	14.0
1332.0	5.0
1333.0	11.0
1334.0	16.0
1335.0	7.0
1336.0	5.0
1337.0	7.0
1338.0	7.0
1339.0	9.0
1340.0	5.0
1341.0	8.0
1342.0	8.0
1343.0	6.0
1344.0	4.0
1345.0	10.0
1346.0	12.0
1347.0	10.0
1348.0	10.0
1349.0	11.0
1350.0	16.0
1351.0	15.0
1352.0	17.0
1353.0	13.0
1354.0	8.0
1355.0	12.0
1356.0	8.0
1357.0	10.0
1358.0	9.0
1359.0	10.0
1360.0	9.0
1361.0	14.0
1362.0	9.0
1363.0	13.0
1364.0	12.0
1365.0	9.0
1366.0	14.0
1367.0	11.0
1368.0	10.0
1369.0	9.0
1370.0	12.0
1371.0	10.0
1372.0	14.0
1373.0	14.0
1374.0	12.0
1375.0	9.0
1376.0	8.0
1377.0	9.0
1378.0	21.0
1379.0	16.0
1380.0	14.0
1381.0	10.0
1382.0	12.0
1383.0	9.0
1384.0	8.0
1385.0	18.0
1386.0	13.0
1387.0	16.0
1388.0	11.0
1389.0	12.0
1390.0	12.0
1391.0	11.0
1392.0	12.0
1393.0	15.0
1394.0	11.0
1395.0	9.0
1396.0	6.0
1397.0	11.0
1398.0	9.0
1399.0	15.0
1400.0	15.0
1401.0	9.0
1402.0	5.0
1403.0	15.0
1404.0	10.0
1405.0	9.0
1406.0	5.0
1407.0	5.0
1408.0	8.0
1409.0	7.0
1410.0	9.0
1411.0	10.0
1412.0	8.0
1413.0	10.0
1414.0	4.0
1415.0	4.0
1416.0	5.0
1417.0	6.0
1418.0	6.0
1419.0	4.0
1420.0	2.0
1421.0	3.0
1422.0	6.0
1423.0	9.0
1424.0	9.0
1425.0	7.0
1426.0	9.0
1427.0	5.0
1428.0	4.0
1429.0	6.0
1430.0	7.0
1431.0	8.0
1432.0	10.0
1433.0	8.0
1434.0	3.0
1435.0	8.0
1436.0	10.0
1437.0	4.0
1438.0	2.0
1439.0	7.0
1440.0	6.0
1441.0	10.0
1442.0	8.0
1443.0	6.0
1444.0	7.0
1445.0	5.0
1446.0	7.0
1447.0	9.0
1448.0	8.0
1449.0	5.0
1450.0	9.0
1451.0	5.0
1452.0	6.0
1453.0	5.0
1454.0	8.0
1455.0	8.0
1456.0	6.0
1457.0	8.0
1458.0	5.0
1459.0	3.0
1460.0	7.0
1461.0	6.0
1462.0	2.0
1463.0	5.0
1464.0	5.0
1465.0	5.0
1466.0	11.0
1467.0	6.0
1468.0	4.0
1469.0	5.0
1470.0	3.0
1471.0	4.0
1472.0	4.0
1473.0	7.0
1474.0	3.0
1475.0	3.0
1476.0	4.0
1477.0	7.0
1478.0	7.0
1479.0	3.0
1480.0	8.0
1481.0	7.0
1482.0	6.0
1483.0	3.0
1484.0	6.0
1485.0	6.0
1486.0	2.0
1487.0	2.0
1488.0	3.0
1489.0	1.0
1490.0	6.0
1491.0	3.0
1492.0	12.0
1493.0	5.0
1494.0	4.0
1495.0	4.0
1496.0	4.0
1497.0	3.0
1498.0	3.0
1499.0	8.0
1500.0	4.0
1501.0	5.0
1502.0	3.0
1503.0	7.0
1504.0	3.0
1505.0	2.0
1506.0	5.0
1507.0	4.0
1508.0	6.0
1509.0	10.0
1510.0	4.0
1511.0	2.0
1512.0	6.0
1513.0	4.0
1514.0	5.0
1515.0	3.0
1516.0	3.0
1517.0	3.0
1518.0	5.0
1519.0	7.0
1520.0	5.0
1521.0	6.0
1522.0	6.0
1523.0	5.0
1524.0	4.0
1525.0	3.0
1526.0	6.0
1527.0	6.0
1528.0	2.0
1529.0	3.0
1530.0	3.0
1531.0	5.0
1532.0	2.0
1533.0	2.0
1535.0	3.0
1536.0	9.0
1537.0	2.0
1538.0	4.0
1539.0	3.0
1540.0	1.0
1541.0	1.0
1542.0	6.0
1543.0	7.0
1545.0	3.0
1546.0	4.0
1547.0	2.0
1548.0	5.0
1549.0	4.0
1550.0	4.0
1551.0	2.0
1552.0	1.0
1553.0	5.0
1554.0	4.0
1556.0	2.0
1557.0	3.0
1558.0	3.0
1559.0	5.0
1560.0	4.0
1561.0	2.0
1562.0	6.0
1563.0	6.0
1564.0	2.0
1565.0	3.0
1566.0	3.0
1567.0	1.0
1568.0	2.0
1569.0	8.0
1570.0	4.0
1571.0	1.0
1572.0	4.0
1573.0	2.0
1574.0	4.0
1575.0	7.0
1576.0	1.0
1577.0	3.0
1578.0	4.0
1579.0	6.0
1580.0	3.0
1581.0	6.0
1583.0	1.0
1584.0	5.0
1585.0	3.0
1586.0	6.0
1587.0	1.0
1589.0	4.0
1590.0	5.0
1591.0	6.0
1592.0	2.0
1593.0	3.0
1594.0	3.0
1595.0	4.0
1597.0	2.0
1598.0	2.0
1599.0	7.0
1600.0	3.0
1601.0	5.0
1602.0	4.0
1603.0	4.0
1604.0	4.0
1605.0	3.0
1606.0	4.0
1607.0	3.0
1608.0	2.0
1610.0	5.0
1611.0	1.0
1612.0	5.0
1613.0	2.0
1614.0	6.0
1615.0	4.0
1616.0	3.0
1617.0	3.0
1619.0	1.0
1620.0	4.0
1621.0	6.0
1622.0	7.0
1623.0	4.0
1624.0	3.0
1625.0	3.0
1626.0	5.0
1628.0	5.0
1629.0	4.0
1630.0	2.0
1631.0	5.0
1632.0	3.0
1633.0	1.0
1634.0	4.0
1635.0	8.0
1636.0	4.0
1637.0	4.0
1638.0	7.0
1639.0	7.0
1640.0	8.0
1641.0	4.0
1642.0	10.0
1643.0	4.0
1644.0	1.0
1645.0	4.0
1646.0	4.0
1647.0	5.0
1648.0	3.0
1649.0	5.0
1650.0	3.0
1651.0	3.0
1652.0	1.0
1653.0	1.0
1654.0	4.0
1655.0	3.0
1656.0	2.0
1657.0	3.0
1658.0	3.0
1659.0	5.0
1660.0	3.0
1661.0	2.0
1662.0	2.0
1663.0	1.0
1664.0	3.0
1666.0	1.0
1667.0	2.0
1669.0	3.0
1670.0	3.0
1671.0	3.0
1672.0	3.0
1673.0	2.0
1675.0	2.0
1676.0	1.0
1677.0	2.0
1678.0	1.0
1679.0	1.0
1681.0	2.0
1682.0	4.0
1684.0	1.0
1685.0	3.0
1686.0	2.0
1687.0	3.0
1688.0	4.0
1690.0	1.0
1691.0	2.0
1692.0	2.0
1693.0	3.0
1694.0	2.0
1695.0	2.0
1696.0	2.0
1697.0	3.0
1698.0	6.0
1699.0	2.0
1700.0	2.0
1701.0	4.0
1702.0	3.0
1703.0	2.0
1704.0	1.0
1705.0	2.0
1706.0	2.0
1707.0	3.0
1708.0	1.0
1709.0	3.0
1710.0	1.0
1711.0	2.0
1712.0	2.0
1713.0	2.0
1714.0	3.0
1716.0	3.0
1717.0	2.0
1718.0	7.0
1719.0	3.0
1722.0	1.0
1723.0	1.0
1725.0	1.0
1726.0	1.0
1727.0	2.0
1728.0	2.0
1729.0	1.0
1730.0	1.0
1731.0	2.0
1733.0	3.0
1734.0	1.0
1735.0	4.0
1736.0	1.0
1737.0	3.0
1738.0	1.0
1740.0	1.0
1741.0	2.0
1742.0	2.0
1743.0	4.0
1744.0	3.0
1745.0	1.0
1746.0	4.0
1747.0	1.0
1748.0	2.0
1749.0	4.0
1750.0	2.0
1751.0	1.0
1752.0	2.0
1753.0	2.0
1754.0	3.0
1755.0	3.0
1756.0	1.0
1757.0	2.0
1759.0	3.0
1760.0	5.0
1761.0	4.0
1762.0	2.0
1763.0	2.0
1764.0	4.0
1765.0	2.0
1767.0	5.0
1768.0	2.0
1769.0	1.0
1770.0	3.0
1771.0	5.0
1772.0	4.0
1773.0	3.0
1774.0	2.0
1775.0	2.0
1776.0	5.0
1777.0	1.0
1778.0	1.0
1779.0	3.0
1780.0	3.0
1781.0	4.0
1782.0	6.0
1783.0	1.0
1784.0	3.0
1785.0	1.0
1787.0	4.0
1789.0	3.0
1790.0	2.0
1791.0	1.0
1792.0	1.0
1793.0	3.0
1794.0	2.0
1795.0	5.0
1796.0	1.0
1797.0	2.0
1798.0	2.0
1799.0	3.0
1800.0	5.0
1802.0	2.0
1803.0	1.0
1804.0	1.0
1806.0	2.0
1807.0	1.0
1808.0	3.0
1809.0	1.0
1810.0	1.0
1811.0	1.0
1812.0	1.0
1813.0	1.0
1814.0	1.0
1815.0	1.0
1817.0	4.0
1818.0	1.0
1820.0	2.0
1821.0	2.0
1822.0	1.0
1823.0	4.0
1824.0	4.0
1825.0	1.0
1826.0	3.0
1827.0	6.0
1828.0	2.0
1829.0	1.0
1830.0	1.0
1831.0	2.0
1832.0	1.0
1833.0	2.0
1836.0	2.0
1837.0	2.0
1838.0	2.0
1839.0	3.0
1843.0	2.0
1845.0	2.0
1846.0	1.0
1847.0	1.0
1848.0	2.0
1849.0	2.0
1850.0	4.0
1851.0	4.0
1852.0	2.0
1854.0	4.0
1855.0	2.0
1856.0	5.0
1857.0	2.0
1858.0	1.0
1859.0	1.0
1860.0	2.0
1861.0	4.0
1862.0	3.0
1863.0	3.0
1864.0	3.0
1866.0	3.0
1867.0	1.0
1868.0	5.0
1869.0	2.0
1870.0	1.0
1872.0	3.0
1873.0	2.0
1874.0	5.0
1875.0	1.0
1876.0	4.0
1877.0	3.0
1878.0	3.0
1879.0	1.0
1881.0	4.0
1882.0	2.0
1883.0	5.0
1885.0	1.0
1886.0	3.0
1887.0	1.0
1888.0	3.0
1889.0	3.0
1890.0	6.0
1891.0	2.0
1892.0	3.0
1893.0	4.0
1894.0	6.0
1895.0	2.0
1896.0	3.0
1897.0	2.0
1898.0	1.0
1899.0	2.0
1900.0	2.0
1901.0	5.0
1902.0	7.0
1903.0	3.0
1905.0	3.0
1906.0	2.0
1907.0	3.0
1908.0	5.0
1909.0	4.0
1910.0	1.0
1911.0	7.0
1912.0	1.0
1913.0	1.0
1914.0	1.0
1915.0	1.0
1916.0	1.0
1917.0	4.0
1918.0	3.0
1919.0	2.0
1920.0	2.0
1921.0	6.0
1922.0	3.0
1923.0	2.0
1924.0	1.0
1925.0	1.0
1926.0	5.0
1927.0	2.0
1928.0	6.0
1929.0	1.0
1930.0	5.0
1931.0	3.0
1932.0	5.0
1933.0	3.0
1934.0	3.0
1935.0	2.0
1936.0	2.0
1939.0	2.0
1940.0	1.0
1941.0	6.0
1942.0	2.0
1943.0	1.0
1944.0	8.0
1945.0	3.0
1946.0	2.0
1947.0	5.0
1948.0	3.0
1950.0	3.0
1951.0	2.0
1952.0	3.0
1953.0	1.0
1954.0	4.0
1955.0	2.0
1956.0	7.0
1957.0	3.0
1958.0	5.0
1959.0	2.0
1960.0	1.0
1961.0	4.0
1963.0	3.0
1964.0	2.0
1965.0	2.0
1966.0	3.0
1967.0	1.0
1968.0	3.0
1969.0	2.0
1970.0	3.0
1971.0	2.0
1972.0	1.0
1973.0	3.0
1974.0	1.0
1976.0	3.0
1977.0	1.0
1978.0	1.0
1979.0	4.0
1980.0	1.0
1981.0	5.0
1982.0	1.0
1983.0	2.0
1984.0	2.0
1985.0	3.0
1986.0	3.0
1987.0	4.0
1988.0	2.0
1989.0	2.0
1991.0	2.0
1992.0	2.0
1993.0	5.0
1994.0	3.0
1995.0	2.0
1996.0	2.0
1997.0	1.0
1998.0	2.0
1999.0	4.0
2000.0	2.0
2001.0	3.0
2002.0	5.0
2004.0	4.0
2005.0	4.0
2007.0	1.0
2008.0	1.0
2009.0	1.0
2010.0	4.0
2011.0	3.0
2012.0	2.0
2013.0	1.0
2014.0	5.0
2015.0	3.0
2016.0	3.0
2017.0	2.0
2018.0	1.0
2020.0	3.0
2021.0	2.0
2022.0	3.0
2023.0	1.0
2024.0	3.0
2025.0	3.0
2027.0	1.0
2028.0	2.0
2029.0	3.0
2030.0	1.0
2031.0	2.0
2032.0	2.0
2033.0	2.0
2034.0	1.0
2035.0	1.0
2036.0	1.0
2037.0	2.0
2038.0	3.0
2039.0	2.0
2040.0	2.0
2041.0	4.0
2042.0	3.0
2043.0	3.0
2044.0	3.0
2045.0	2.0
2046.0	4.0
2047.0	2.0
2048.0	6.0
2049.0	3.0
2050.0	3.0
2051.0	1.0
2052.0	1.0
2053.0	6.0
2054.0	4.0
2055.0	2.0
2056.0	2.0
2058.0	2.0
2060.0	3.0
2061.0	1.0
2062.0	3.0
2063.0	3.0
2064.0	4.0
2065.0	1.0
2066.0	3.0
2068.0	3.0
2069.0	1.0
2071.0	5.0
2072.0	2.0
2073.0	3.0
2074.0	1.0
2075.0	1.0
2076.0	3.0
2077.0	3.0
2078.0	5.0
2079.0	3.0
2080.0	3.0
2081.0	2.0
2082.0	4.0
2083.0	2.0
2084.0	1.0
2085.0	2.0
2086.0	2.0
2087.0	3.0
2088.0	2.0
2089.0	3.0
2090.0	1.0
2091.0	4.0
2092.0	3.0
2093.0	1.0
2094.0	3.0
2096.0	2.0
2097.0	2.0
2098.0	4.0
2099.0	3.0
2100.0	4.0
2101.0	4.0
2103.0	4.0
2104.0	4.0
2105.0	5.0
2108.0	1.0
2109.0	3.0
2110.0	3.0
2111.0	2.0
2112.0	5.0
2114.0	1.0
2116.0	1.0
2117.0	5.0
2118.0	3.0
2120.0	2.0
2121.0	1.0
2123.0	3.0
2124.0	3.0
2125.0	4.0
2126.0	1.0
2128.0	2.0
2129.0	4.0
2130.0	3.0
2131.0	2.0
2132.0	3.0
2134.0	4.0
2135.0	2.0
2137.0	2.0
2138.0	1.0
2139.0	2.0
2140.0	1.0
2141.0	1.0
2145.0	1.0
2147.0	3.0
2148.0	1.0
2150.0	1.0
2151.0	2.0
2153.0	1.0
2154.0	2.0
2158.0	2.0
2159.0	1.0
2160.0	1.0
2162.0	4.0
2168.0	1.0
2169.0	2.0
2171.0	2.0
2173.0	1.0
2182.0	1.0
2183.0	2.0
2185.0	1.0
2187.0	1.0
2192.0	2.0
2194.0	1.0
2196.0	1.0
2199.0	1.0
2202.0	1.0
2205.0	1.0
2213.0	1.0
2219.0	1.0
2225.0	1.0
2228.0	1.0
2230.0	1.0
2233.0	1.0
2234.0	2.0
2237.0	1.0
2239.0	1.0
2244.0	1.0
2246.0	1.0
2247.0	1.0
2251.0	1.0
2252.0	1.0
2254.0	1.0
2257.0	1.0
2260.0	2.0
2261.0	1.0
2267.0	1.0
2268.0	1.0
2270.0	3.0
2274.0	2.0
2276.0	2.0
2278.0	1.0
2282.0	1.0
2283.0	1.0
2284.0	1.0
2285.0	1.0
2292.0	1.0
2295.0	1.0
2296.0	1.0
2298.0	1.0
2299.0	1.0
2305.0	2.0
2306.0	1.0
2313.0	1.0
2319.0	2.0
2322.0	1.0
2326.0	1.0
2327.0	1.0
2339.0	1.0
2341.0	2.0
2342.0	1.0
2344.0	1.0
2345.0	1.0
2347.0	1.0
2348.0	1.0
2352.0	1.0
2353.0	1.0
2354.0	1.0
2355.0	1.0
2358.0	1.0
2359.0	1.0
2361.0	2.0
2363.0	1.0
2365.0	1.0
2366.0	1.0
2373.0	1.0
2375.0	1.0
2382.0	1.0
2383.0	1.0
2384.0	1.0
2385.0	1.0
2389.0	2.0
2391.0	2.0
2392.0	1.0
2400.0	1.0
2401.0	1.0
2403.0	2.0
2404.0	2.0
2407.0	1.0
2411.0	1.0
2418.0	1.0
2420.0	1.0
2428.0	1.0
2429.0	1.0
2439.0	1.0
2440.0	1.0
2459.0	1.0
2463.0	1.0
2474.0	1.0
2480.0	1.0
2490.0	2.0
2504.0	1.0
2517.0	1.0
2531.0	1.0
2538.0	1.0
2540.0	1.0
2545.0	1.0
2546.0	1.0
2551.0	1.0
2564.0	1.0
2565.0	1.0
2577.0	1.0
2580.0	2.0
2604.0	2.0
2617.0	2.0
2620.0	1.0
2632.0	1.0
2634.0	1.0
2637.0	1.0
2644.0	1.0
2648.0	1.0
2658.0	1.0
2661.0	1.0
2675.0	1.0
2679.0	1.0
2698.0	1.0
2702.0	1.0
2707.0	1.0
2711.0	1.0
2720.0	1.0
2728.0	1.0
2736.0	1.0
2737.0	1.0
2738.0	1.0
2746.0	1.0
2765.0	1.0
2775.0	1.0
2791.0	1.0
2792.0	1.0
2793.0	1.0
2797.0	1.0
2806.0	1.0
2812.0	1.0
2821.0	1.0
2823.0	1.0
2826.0	1.0
2831.0	1.0
2840.0	1.0
2848.0	1.0
2881.0	1.0
2888.0	1.0
2914.0	1.0
2922.0	1.0
2943.0	1.0
2954.0	1.0
2967.0	1.0
2971.0	1.0
2972.0	1.0
2983.0	1.0
2999.0	1.0
3025.0	1.0
3026.0	1.0
3030.0	2.0
3034.0	1.0
3053.0	1.0
3061.0	1.0
3066.0	1.0
3067.0	2.0
3078.0	1.0
3094.0	2.0
3105.0	1.0
3107.0	1.0
3110.0	1.0
3113.0	1.0
3117.0	1.0
3123.0	1.0
3127.0	1.0
3129.0	1.0
3136.0	1.0
3137.0	1.0
3151.0	1.0
3156.0	1.0
3157.0	1.0
7155.0	1.0
7302.0	1.0
7402.0	1.0
7583.0	1.0
7702.0	1.0
7767.0	1.0
7870.0	1.0
7983.0	1.0
8092.0	1.0
8193.0	1.0
8557.0	1.0
8575.0	1.0
8723.0	1.0
8792.0	1.0
8870.0	1.0
8898.0	1.0
8903.0	1.0
8923.0	1.0
8934.0	1.0
9008.0	1.0
9070.0	1.0
9112.0	1.0
9168.0	1.0
9203.0	1.0
9304.0	1.0
9381.0	1.0
9398.0	1.0
9500.0	1.0
9591.0	1.0
9642.0	1.0
9756.0	1.0
9767.0	1.0
9854.0	1.0
9899.0	1.0
9927.0	1.0
9941.0	1.0
9997.0	1.0
10020.0	2.0
10043.0	1.0
10052.0	1.0
10101.0	1.0
10147.0	1.0
10204.0	1.0
10207.0	1.0
10261.0	1.0
10292.0	1.0
10308.0	1.0
10313.0	1.0
10341.0	1.0
10375.0	1.0
10381.0	1.0
10393.0	1.0
10410.0	1.0
10429.0	1.0
10503.0	1.0
10507.0	1.0
10548.0	1.0
10609.0	1.0
10646.0	1.0
10652.0	1.0
10665.0	1.0
10695.0	1.0
10699.0	1.0
10718.0	1.0
10739.0	1.0
10766.0	1.0
10778.0	1.0
10780.0	1.0
10783.0	1.0
10786.0	2.0
10800.0	1.0
10802.0	1.0
10813.0	1.0
10821.0	1.0
10856.0	1.0
10858.0	1.0
10876.0	1.0
10887.0	1.0
