#Insert size (bp)	insert size
2.0	4.0
3.0	13.0
4.0	5.0
5.0	6.0
6.0	5.0
7.0	8.0
8.0	8.0
9.0	2.0
10.0	13.0
11.0	8.0
12.0	7.0
13.0	4.0
14.0	7.0
15.0	8.0
16.0	6.0
17.0	10.0
18.0	9.0
19.0	16.0
20.0	9.0
21.0	12.0
22.0	7.0
23.0	15.0
24.0	15.0
25.0	12.0
26.0	10.0
27.0	14.0
28.0	10.0
29.0	10.0
30.0	9.0
31.0	14.0
32.0	10.0
33.0	18.0
34.0	11.0
35.0	11.0
36.0	15.0
37.0	17.0
38.0	20.0
39.0	15.0
40.0	16.0
41.0	25.0
42.0	18.0
43.0	16.0
44.0	21.0
45.0	13.0
46.0	29.0
47.0	20.0
48.0	26.0
49.0	33.0
50.0	17.0
51.0	22.0
52.0	23.0
53.0	19.0
54.0	31.0
55.0	22.0
56.0	31.0
57.0	29.0
58.0	24.0
59.0	18.0
60.0	33.0
61.0	27.0
62.0	25.0
63.0	25.0
64.0	51.0
65.0	89.0
66.0	149.0
67.0	419.0
68.0	894.0
69.0	1896.0
70.0	3346.0
71.0	4657.0
72.0	5901.0
73.0	7551.0
74.0	9584.0
75.0	12006.0
76.0	14318.0
77.0	17587.0
78.0	21209.0
79.0	24858.0
80.0	29720.0
81.0	34423.0
82.0	39207.0
83.0	45162.0
84.0	50867.0
85.0	56764.0
86.0	63680.0
87.0	69998.0
88.0	77628.0
89.0	84204.0
90.0	91250.0
91.0	98613.0
92.0	105422.0
93.0	113535.0
94.0	120760.0
95.0	127230.0
96.0	134361.0
97.0	140791.0
98.0	147676.0
99.0	154712.0
100.0	160952.0
101.0	167843.0
102.0	172895.0
103.0	179300.0
104.0	184447.0
105.0	190301.0
106.0	194798.0
107.0	200236.0
108.0	203973.0
109.0	209300.0
110.0	212918.0
111.0	216503.0
112.0	221227.0
113.0	224572.0
114.0	228401.0
115.0	230142.0
116.0	233517.0
117.0	235110.0
118.0	238201.0
119.0	240526.0
120.0	241820.0
121.0	244131.0
122.0	244878.0
123.0	245877.0
124.0	246549.0
125.0	247771.0
126.0	248562.0
127.0	249180.0
128.0	248770.0
129.0	250658.0
130.0	250237.0
131.0	249690.0
132.0	249579.0
133.0	248348.0
134.0	248500.0
135.0	248345.0
136.0	246934.0
137.0	245263.0
138.0	244969.0
139.0	243622.0
140.0	243101.0
141.0	241120.0
142.0	239653.0
143.0	237680.0
144.0	236622.0
145.0	235990.0
146.0	233883.0
147.0	230865.0
148.0	228749.0
149.0	227972.0
150.0	224552.0
151.0	222757.0
152.0	221090.0
153.0	218609.0
154.0	216391.0
155.0	213542.0
156.0	212507.0
157.0	209254.0
158.0	206916.0
159.0	205018.0
160.0	202287.0
161.0	200505.0
162.0	197034.0
163.0	194965.0
164.0	192664.0
165.0	190217.0
166.0	187461.0
167.0	185293.0
168.0	181739.0
169.0	179395.0
170.0	177395.0
171.0	174703.0
172.0	172066.0
173.0	169961.0
174.0	166490.0
175.0	164703.0
176.0	162295.0
177.0	159312.0
178.0	157341.0
179.0	153714.0
180.0	152400.0
181.0	149966.0
182.0	146640.0
183.0	144936.0
184.0	142661.0
185.0	139766.0
186.0	138474.0
187.0	135313.0
188.0	133428.0
189.0	130565.0
190.0	128608.0
191.0	126220.0
192.0	124175.0
193.0	121430.0
194.0	119381.0
195.0	117686.0
196.0	115338.0
197.0	113383.0
198.0	110912.0
199.0	109018.0
200.0	107064.0
201.0	104188.0
202.0	102259.0
203.0	101244.0
204.0	99201.0
205.0	97501.0
206.0	95220.0
207.0	93269.0
208.0	91512.0
209.0	89808.0
210.0	88065.0
211.0	86480.0
212.0	84671.0
213.0	82806.0
214.0	81429.0
215.0	79660.0
216.0	77601.0
217.0	76244.0
218.0	74448.0
219.0	73440.0
220.0	71835.0
221.0	69809.0
222.0	69104.0
223.0	67310.0
224.0	65684.0
225.0	64530.0
226.0	63180.0
227.0	61708.0
228.0	59952.0
229.0	58530.0
230.0	57851.0
231.0	56461.0
232.0	55069.0
233.0	54616.0
234.0	52629.0
235.0	51947.0
236.0	50099.0
237.0	49899.0
238.0	48594.0
239.0	47456.0
240.0	46543.0
241.0	45058.0
242.0	44343.0
243.0	43182.0
244.0	42463.0
245.0	41803.0
246.0	40366.0
247.0	39785.0
248.0	38740.0
249.0	37676.0
250.0	36790.0
251.0	36167.0
252.0	35075.0
253.0	34343.0
254.0	33301.0
255.0	32905.0
256.0	32171.0
257.0	30949.0
258.0	30661.0
259.0	30020.0
260.0	28714.0
261.0	28211.0
262.0	27741.0
263.0	26855.0
264.0	26200.0
265.0	25809.0
266.0	24970.0
267.0	24454.0
268.0	23862.0
269.0	23526.0
270.0	22686.0
271.0	22203.0
272.0	21788.0
273.0	21001.0
274.0	20514.0
275.0	19940.0
276.0	19537.0
277.0	19203.0
278.0	18381.0
279.0	18028.0
280.0	17749.0
281.0	17196.0
282.0	16855.0
283.0	16416.0
284.0	15998.0
285.0	15772.0
286.0	15284.0
287.0	15034.0
288.0	14140.0
289.0	14150.0
290.0	13527.0
291.0	13453.0
292.0	12877.0
293.0	12772.0
294.0	12341.0
295.0	12131.0
296.0	11741.0
297.0	11468.0
298.0	11142.0
299.0	11013.0
300.0	10516.0
301.0	10223.0
302.0	10125.0
303.0	9767.0
304.0	9529.0
305.0	9424.0
306.0	9075.0
307.0	8848.0
308.0	8625.0
309.0	8279.0
310.0	8112.0
311.0	8054.0
312.0	7792.0
313.0	7532.0
314.0	7221.0
315.0	7200.0
316.0	6967.0
317.0	6821.0
318.0	6580.0
319.0	6408.0
320.0	6271.0
321.0	6065.0
322.0	5902.0
323.0	5753.0
324.0	5729.0
325.0	5487.0
326.0	5423.0
327.0	5233.0
328.0	5131.0
329.0	4979.0
330.0	4797.0
331.0	4701.0
332.0	4599.0
333.0	4531.0
334.0	4254.0
335.0	4134.0
336.0	4101.0
337.0	4104.0
338.0	3968.0
339.0	3716.0
340.0	3697.0
341.0	3613.0
342.0	3590.0
343.0	3296.0
344.0	3297.0
345.0	3179.0
346.0	3180.0
347.0	3049.0
348.0	3062.0
349.0	2896.0
350.0	2892.0
351.0	2746.0
352.0	2738.0
353.0	2600.0
354.0	2503.0
355.0	2495.0
356.0	2499.0
357.0	2385.0
358.0	2299.0
359.0	2230.0
360.0	2132.0
361.0	2131.0
362.0	2127.0
363.0	2031.0
364.0	1902.0
365.0	1840.0
366.0	1899.0
367.0	1811.0
368.0	1744.0
369.0	1661.0
370.0	1804.0
