#Position (bp)	mapping quality
3088287.0	50.733712301459306
9264860.0	59.48510580661929
1.5441433E7	48.03539302150007
2.1618006E7	59.25181547364959
2.7794579E7	58.64007629230847
3.3971152E7	59.8715952182126
4.0147725E7	58.989164507410614
4.6324298E7	58.910865138830474
5.2500871E7	59.79431801438549
5.8677444E7	59.99778739115153
6.4854017E7	59.57067719760488
7.103059E7	59.36067894427865
7.7207163E7	59.99622871119018
8.3383736E7	59.97163418888266
8.9560309E7	59.32277465311688
9.5736882E7	59.9440365295258
1.01913455E8	36.33993346736986
1.08090028E8	54.188468166576584
1.14266601E8	59.65226820710301
1.20443174E8	54.40049091772365
1.26619747E8	0.0
1.3279632E8	0.0
1.38972893E8	0.0
1.45149466E8	24.23557971952273
1.51326039E8	49.02853649528786
1.57502612E8	58.03723746787406
1.63679185E8	56.820952000751056
1.69855758E8	59.719060378038165
1.76032331E8	59.91521460163169
1.82208904E8	59.93539510908318
1.88385477E8	59.92423058613702
1.9456205E8	57.75296092707145
2.00738623E8	57.318918141395905
2.06915196E8	52.92369923662961
2.13091769E8	59.977048771138996
2.19268342E8	57.59685101573072
2.25444915E8	59.43925312325314
2.31621488E8	59.934595589635265
2.37798061E8	59.82816946573966
2.43974634E8	53.969145264809114
2.480096715E8	47.80263021570984
2.51097958E8	59.56196544860349
2.5632778E8	59.929093324781235
2.62504353E8	59.72290343215161
2.68680926E8	59.99712767673173
2.74857499E8	59.85481861702988
2.81034072E8	59.75755946470346
2.87210645E8	59.929100299394094
2.93387218E8	59.71152955926393
2.99563791E8	59.97279462609099
3.05740364E8	59.912476535312756
3.11916937E8	59.84282916133022
3.1809351E8	59.737993504003214
3.24270083E8	59.747303478778626
3.30446656E8	59.90329365864037
3.36623229E8	33.15434395877006
3.42799802E8	54.09999467439865
3.48976375E8	55.820738723958065
3.55152948E8	30.335679301502918
3.61329521E8	25.509742149960577
3.67506094E8	59.945424156979094
3.73682667E8	59.97272084368839
3.7985924E8	30.220545196525926
3.86035813E8	59.99605743412288
3.92212386E8	59.96955753937753
3.98388959E8	50.16199911141321
4.04565532E8	59.86622177402606
4.10742105E8	59.84537463481524
4.16918678E8	59.47837318849303
4.23095251E8	59.2778715040506
4.29271824E8	58.60827133575999
4.35448397E8	59.99577654787602
4.4162497E8	59.96911982608544
4.47801543E8	59.55524636087873
4.53978116E8	59.80906239674579
4.60154689E8	59.93017068366574
4.66331262E8	59.85290044908468
4.72507835E8	59.962710948497595
4.78684408E8	57.98071897614786
4.84860981E8	59.422405530276095
4.895496095E8	58.18508773617431
4.92637896E8	59.997910876735396
4.97214127E8	59.99253301432433
5.033907E8	59.594392548437206
5.09567273E8	59.96477960546515
5.15743846E8	59.63208302854928
5.21920419E8	59.07187123490311
5.28096992E8	59.88013408559984
5.34273565E8	59.593513031557364
5.40450138E8	59.79987131906563
5.46626711E8	59.981979392574324
5.52803284E8	59.99757236801672
5.58979857E8	59.72573264090436
5.6515643E8	57.14922266015849
5.71333003E8	59.97152055150386
5.77509576E8	59.98812465862798
5.83686149E8	57.948413097770576
5.89862722E8	58.50853514043081
5.96039295E8	59.9967580260513
6.02215868E8	59.941472997820455
6.08392441E8	59.9604981855585
6.14569014E8	59.38238873185006
6.20745587E8	59.15046623030585
6.2692216E8	59.98022934466644
6.33098733E8	59.945277325459536
6.39275306E8	59.76247080406119
6.45451879E8	59.746513081869146
6.51628452E8	59.840014052743115
6.57805025E8	59.99723238840942
6.63981598E8	59.87868577339809
6.70158171E8	58.7581966195154
6.76334744E8	59.856972325046584
6.82511317E8	59.997138150320886
6.87522557E8	55.4999871856798
6.906108435E8	59.574858782417216
6.94864463E8	59.89238031068099
7.01041036E8	54.46731583050149
7.07217609E8	59.876806979624526
7.13394182E8	59.78315862380672
7.19570755E8	59.99953306302871
7.25747328E8	59.346693624477695
7.31923901E8	59.82504041078245
7.38100474E8	59.99221594673112
7.44277047E8	59.65692201042459
7.5045362E8	59.99713571719151
7.56630193E8	56.381829906983455
7.62806766E8	59.73932861665222
7.68983339E8	59.947270158562965
7.75159912E8	59.9281077867297
7.81336485E8	59.99807243947679
7.87513058E8	58.262785037507435
7.93689631E8	59.275489960167604
7.99866204E8	59.88775052624197
8.06042777E8	59.98251611600703
8.1221935E8	59.95678960732226
8.18395923E8	59.933449242386324
8.24572496E8	59.995723682831425
8.30749069E8	59.21575871332733
8.36925642E8	59.30757532864783
8.43102215E8	59.850854737422914
8.49278788E8	59.97080287345652
8.55455361E8	58.65712189136248
8.61631934E8	59.70875909256604
8.67808507E8	59.997068551643274
8.7398508E8	59.58401360234133
8.78366716E8	42.00756428366234
8.814550025E8	55.313231672263086
8.86338226E8	59.93810802084487
8.92514799E8	59.958561015508074
8.98691372E8	59.39307302007501
9.04867945E8	55.51441498464496
9.11044518E8	59.947109004902266
9.17221091E8	59.922758450139
9.23397664E8	59.614286384262904
9.29574237E8	58.99101530292536
9.3575081E8	59.95055761141416
9.41927383E8	59.7641449907307
9.48103956E8	44.436850390140236
9.54280529E8	59.827237263022546
9.60457102E8	59.418884917615756
9.66633675E8	59.7435674813068
9.72810248E8	59.80298893379292
9.78986821E8	59.995895551269875
9.85163394E8	59.475198832520945
9.91339967E8	59.965802641542915
9.9751654E8	59.64936792978787
1.003693113E9	59.86888870706443
1.009869686E9	59.96524590494059
1.016046259E9	59.83010894422057
1.022222832E9	56.02260637224997
1.028399405E9	59.96637061562079
1.034575978E9	59.73473638092659
1.040752551E9	59.83982584342704
1.046929124E9	59.85307556950796
1.053105697E9	57.27049862335999
1.058696154E9	58.98630702591431
1.0617844405E9	59.99804049870539
1.065458843E9	57.91148426627844
1.071635416E9	59.96230834201587
1.077811989E9	59.964170639814064
1.083988562E9	59.99430225312063
1.090165135E9	51.549253847404614
1.096341708E9	59.6922465294966
1.102518281E9	59.760297381083575
1.108694854E9	59.814261190238966
1.114871427E9	59.72546246758112
1.121048E9	54.75731365886263
1.127224573E9	59.975464855701865
1.133401146E9	59.78012762888675
1.139577719E9	59.99682320328204
1.145754292E9	59.86200345471803
1.151930865E9	59.85919643364834
1.158107438E9	59.99547845295298
1.164284011E9	59.93096801499964
1.170460584E9	59.44956990409711
1.176637157E9	59.6629299150798
1.18281373E9	59.767231488136545
1.188990303E9	59.99568373992904
1.195166876E9	54.0979250358122
1.201343449E9	59.99599337783655
1.207520022E9	59.996565748205484
1.213696595E9	58.62836043887755
1.219873168E9	51.14348113030088
1.226049741E9	59.74935625485589
1.2305711655E9	59.410898816653415
1.233659452E9	59.987114237047656
1.238402887E9	41.7857892232501
1.24457946E9	59.439173624068935
1.250756033E9	59.982683594247824
1.256932606E9	59.14976652766342
1.263109179E9	57.966840254715684
1.269285752E9	58.36292044181978
1.275462325E9	58.300399610817095
1.281638898E9	59.95850500416556
1.287815471E9	55.400174698575675
1.293992044E9	58.89934983167229
1.300168617E9	52.52618974192107
1.30634519E9	40.007324677348336
1.312521763E9	59.99469713523748
1.318698336E9	59.530494041281344
1.324874909E9	59.506757114164685
1.331051482E9	52.66130831020787
1.337228055E9	48.66481066355915
1.343404628E9	59.72818557969801
1.349581201E9	59.53644957833468
1.355757774E9	59.749073928536845
1.361934347E9	59.04283928051865
1.36811092E9	59.604840136929916
1.374287493E9	39.260307993246954
1.380464066E9	59.17728263016881
1.386640639E9	56.33872637963646
1.390539601E9	59.99684267690481
1.3936278875E9	58.99523073748073
1.398993785E9	38.098564525405365
1.405170358E9	49.450481193741155
1.411346931E9	59.90990531605094
1.417523504E9	59.66344194439337
1.423700077E9	59.32081765935445
1.42987665E9	59.921345667456734
1.436053223E9	59.902014199870834
1.442229796E9	59.86483021997139
1.448406369E9	59.06522601423802
1.454582942E9	59.992355329068566
1.460759515E9	59.732816664546185
1.466936088E9	59.113628848334216
1.473112661E9	59.78824024498479
1.479289234E9	59.85385561520296
1.485465807E9	59.85988550725087
1.49164238E9	59.75129602748654
1.497818953E9	59.85160387220531
1.503995526E9	59.99751665330434
1.510172099E9	59.98521956449251
1.516348672E9	59.56569600122764
1.522525245E9	59.9945724164557
1.528701818E9	59.99634918489424
1.5341395085E9	58.39831026997863
1.537227795E9	44.60972329803381
1.541054964E9	59.677597277670934
1.547231537E9	59.99710147882143
1.55340811E9	58.903413337423196
1.559584683E9	52.71194873058697
1.565761256E9	59.99653413564939
1.571937829E9	59.010684596256176
1.578114402E9	18.370982942254013
1.584290975E9	0.0
1.590467548E9	0.0
1.596644121E9	2.363751081514151
1.602820694E9	21.06884460415986
1.608997267E9	59.75028250797028
1.61517384E9	59.74995785497715
1.621350413E9	49.307217970712166
1.627526986E9	59.25728556444988
1.633703559E9	57.18971929200602
1.639880132E9	58.343066096240435
1.646056705E9	59.93519078952549
1.652233278E9	58.25768367057315
1.658409851E9	59.740755520818794
1.664586424E9	59.858198370409774
1.670762997E9	59.55464637226799
1.6743674565E9	59.65566027526028
1.677455743E9	54.38861621954611
1.683116143E9	59.68920126489544
1.689292716E9	59.79790683724497
1.695469289E9	59.956763688839274
1.701645862E9	58.277694408219176
1.707822435E9	59.643564515163696
1.713999008E9	57.47199236741863
1.720175581E9	35.95045000376061
1.726352154E9	45.98892715253597
1.732528727E9	59.80799676021858
1.7387053E9	59.74455789280309
1.744881873E9	59.90772364761073
1.751058446E9	57.6256136781231
1.757235019E9	53.049000472330285
1.763411592E9	56.98839400725984
1.769588165E9	59.6601198253643
1.775764738E9	59.924336209871235
1.781941311E9	59.933929387477775
1.788117884E9	59.82875873179715
1.794294457E9	59.516386119310305
1.80047103E9	57.564841331406726
1.806120184E9	56.016299431414424
1.8092084705E9	55.656504975833734
1.812824176E9	57.13376329474538
1.819000749E9	59.414352938717485
1.825177322E9	59.20498239971312
1.831353895E9	59.9927474012752
1.837530468E9	59.404364391904
1.843707041E9	59.509339520343865
1.849883614E9	59.420054661850465
1.856060187E9	57.681287201200824
1.86223676E9	55.58625303654854
1.868413333E9	56.27933874999781
1.874589906E9	59.75575938114927
1.880766479E9	58.945078736567595
1.886943052E9	58.3166641434916
1.893119625E9	59.93952597834854
1.899296198E9	42.89076852268117
1.905472771E9	59.70731647758074
1.911649344E9	59.58116802840376
1.917825917E9	59.83611672015289
1.92400249E9	59.23938854209436
1.930179063E9	58.490338631900826
1.936355636E9	59.74407782195742
1.941605798E9	58.774435694847966
1.9446940845E9	59.90815227662673
1.948708782E9	59.0276651276223
1.954885355E9	55.08230963841297
1.961061928E9	59.908593215987764
1.967238501E9	59.64535718928805
1.973415074E9	58.006958477487004
1.979591647E9	55.137383288197
1.98576822E9	59.52315878376652
1.991944793E9	58.748279255677225
1.998121366E9	58.4775054150496
2.004297939E9	59.16741519441669
2.010474512E9	59.15876415077574
2.016651085E9	59.99207057610224
2.022827658E9	59.91477883040555
2.029004231E9	59.96539346603843
2.035180804E9	59.489454822678034
2.041357377E9	59.954809810985765
2.04753395E9	59.77238709288264
2.053710523E9	59.835533498475556
2.059887096E9	59.79852020924085
2.066063669E9	59.09168359297596
2.072240242E9	59.76951519325638
2.0761857555E9	59.410450942165824
2.079274042E9	0.0
2.084593388E9	0.0
2.090769961E9	0.0
2.096946534E9	57.7665036036438
2.103123107E9	58.56935598327808
2.10929968E9	59.59032904888801
2.115476253E9	59.63187903780069
2.121652826E9	59.853437856553754
2.127829399E9	59.40946096900619
2.134005972E9	27.203130457925116
2.140182545E9	59.99527214320872
2.146359118E9	59.9964804355837
2.152535691E9	59.996252496430536
2.158712264E9	59.99585914160813
2.164888837E9	59.994141244822735
2.17106541E9	59.99513890627895
2.177241983E9	59.9296444695429
2.183418556E9	59.99687837240229
2.1889570765E9	59.65964233529276
2.192045363E9	0.0
2.195771702E9	0.0
2.201948275E9	0.0
2.208124848E9	12.559783988836308
2.214301421E9	58.84096612761449
2.220477994E9	59.64913341602922
2.226654567E9	57.02811758269743
2.23283114E9	59.78071971637496
2.239007713E9	59.70062439120735
2.245184286E9	59.95047983492218
2.251360859E9	59.916214654361156
2.257537432E9	59.872384748187294
2.263714005E9	59.00273863033986
2.269890578E9	59.985163478937366
2.276067151E9	59.99933703855121
2.282243724E9	59.6753344592167
2.288420297E9	59.96995621878865
2.29459687E9	59.01263420190062
2.2980680925E9	0.0
2.301156379E9	0.0
2.306950016E9	0.0
2.313126589E9	0.0
2.319303162E9	27.230478769254816
2.325479735E9	51.20345531868815
2.331656308E9	49.61819188426679
2.337832881E9	59.91261133447672
2.344009454E9	54.15965488051971
2.350186027E9	59.779501067015076
2.3563626E9	59.65140865172059
2.362539173E9	59.85726665574795
2.368715746E9	57.28990383072948
2.374892319E9	53.92596830104486
2.381068892E9	56.68485901316454
2.387245465E9	59.26880793459999
2.393422038E9	59.99467715014382
2.398476271E9	54.33420260422345
2.4015645575E9	58.630554830217854
2.405775184E9	58.12428082731488
2.411951757E9	59.74366233338084
2.41812833E9	35.67879590243363
2.424304903E9	56.64510004698059
2.430481476E9	47.77612428797168
2.436658049E9	0.0
2.442834622E9	0.0
2.449011195E9	59.541279216360756
2.455187768E9	59.186776635553976
2.461364341E9	59.94716995355636
2.467540914E9	57.13310008325342
2.473717487E9	49.98638368519918
2.47989406E9	59.6932525037665
2.486070633E9	59.37337752746854
2.489969741E9	58.99110693698196
2.4930580275E9	58.49109923552263
2.498423779E9	58.61833608853669
2.504600352E9	48.34332449374636
2.510776925E9	49.94200809753165
2.516953498E9	59.205190933247984
2.523130071E9	58.636665248070116
2.529306644E9	52.78105753887738
2.535483217E9	54.824665950434685
2.54165979E9	59.878800835360686
2.547836363E9	58.62215668701854
2.554012936E9	55.88844402838132
2.560189509E9	59.18015902634404
2.566366082E9	59.85560118533952
2.571746186E9	59.96708905278566
2.5748344725E9	57.85853352048495
2.578719228E9	59.904472333732
2.584895801E9	59.24751831810743
2.591072374E9	36.693711447852685
2.597248947E9	59.51987096042333
2.60342552E9	59.907432324172994
2.609602093E9	59.98274737199423
2.615778666E9	59.998157574810136
2.621955239E9	59.564493213611684
2.628131812E9	59.99629178947253
2.634308385E9	59.665111748651405
2.640484958E9	58.42385646090963
2.646661531E9	59.9841343917511
2.652080553E9	59.996113458836334
2.6551688395E9	52.2263369515369
2.659014677E9	57.28148770813327
2.66519125E9	58.94683126312106
2.671367823E9	59.00049887945841
2.677544396E9	54.49232064448635
2.683720969E9	58.86438128965512
2.689897542E9	58.737957014652096
2.696074115E9	57.083847852222185
2.702250688E9	58.56756919835508
2.708427261E9	56.19195339679523
2.712272226E9	55.48316074215373
2.7153605125E9	59.139698835761
2.720780407E9	59.889553992682444
2.72695698E9	59.80454457724059
2.733133553E9	59.87147250129737
2.739310126E9	59.05560518853695
2.745486699E9	59.748443752317826
2.751663272E9	59.93308941219549
2.757839845E9	59.77483045123198
2.764016418E9	59.9486288098221
2.770192991E9	59.748567894158306
2.7753771745E9	59.88900969615413
2.778465461E9	0.0
2.782546137E9	1.6883644913694997
2.78872271E9	45.173387090508164
2.794899283E9	59.847806909671
2.801075856E9	57.86156402721191
2.807252429E9	59.77469971783218
2.813429002E9	59.42154588904765
2.819605575E9	57.21560780737147
2.823438458E9	59.94203537546938
2.8265267445E9	0.0
2.831958721E9	0.0
2.838135294E9	18.25045216431146
2.844311867E9	52.778975374656056
2.85048844E9	57.233833556454904
2.856665013E9	59.09587501783309
2.862841586E9	58.46123219052901
2.869018159E9	58.43222191087625
2.873553984E9	57.57411294139555
2.8766422705E9	22.85266957640063
2.881371305E9	47.763923710601716
2.887547878E9	59.784261401604674
2.893724451E9	59.33076620836077
2.899901024E9	59.082256875936004
2.906077597E9	59.07628094284544
2.91225417E9	58.948101034646385
2.918430743E9	59.58129067259424
2.924607316E9	40.83227329356319
2.930783889E9	51.4114130255964
2.936960462E9	59.998493951847536
2.943137035E9	59.72875901962799
2.949313608E9	52.49459386129654
2.955490181E9	59.63109318618367
2.961666754E9	59.84651854850636
2.967843327E9	44.37296086390442
2.9740199E9	57.51947851834399
2.980196473E9	50.78892490845066
2.986373046E9	59.99492428032455
2.992549619E9	57.96044518571881
2.998726192E9	48.891571450561756
3.004902765E9	59.759996410404305
3.011079338E9	43.776505665926734
3.017255911E9	51.0670985597758
3.023432484E9	43.97434309884256
3.028781594E9	49.03150945234246
3.0318698805E9	0.0
3.03578563E9	0.0
3.041962203E9	0.0
3.048138776E9	0.0
3.054315349E9	0.0
3.060491922E9	0.0
3.066668495E9	0.0
3.072845068E9	0.0
3.079021641E9	0.0
3.08518988E9	0.0
3.088278117E9	0.0
